Peptide,ProteinID,PredictedMass,Hydrophobicity,pI
MLPSTVQTLTLLLTSGGVLLSLYVSASLSYLLYSDVLLK,sp|P03474|NRAM_INBLE,4171.335665,1.1359,6.47
FSSTK,sp|P03474|NRAM_INBLE,568.2856750000001,-0.68,10.07
TTAPTMSLECTNASNAQTVNHSATK,sp|P03474|NRAM_INBLE,2577.1799150000006,-0.528,7.09
EMTFPPPEPEWTYPR,sp|P03474|NRAM_INBLE,1875.850145,-1.46,3.96
LSCQGSTFQK,sp|P03474|NRAM_INBLE,1097.517545,-0.45,8.86
ALLISPHR,sp|P03474|NRAM_INBLE,905.5446650000001,0.475,11.04
FGEIK,sp|P03474|NRAM_INBLE,592.322045,-0.1,6.9
GNSAPLIIR,sp|P03474|NRAM_INBLE,939.5501450000002,0.42222,11.04
EPFVACGPK,sp|P03474|NRAM_INBLE,946.4582150000001,0.03333,6.21
ECR,sp|P03474|NRAM_INBLE,406.163455,-1.83333,6.21
HFALTHYAAQPGGYYNGTR,sp|P03474|NRAM_INBLE,2122.9972949999997,-0.73684,9.45
K,sp|P03474|NRAM_INBLE,146.105525,-3.9,10.07
DR,sp|P03474|NRAM_INBLE,289.138615,-4.0,6.63
NK,sp|P03474|NRAM_INBLE,260.14845499999996,-3.7,10.07
LR,sp|P03474|NRAM_INBLE,287.19573499999996,-0.35,11.04
HLVSVK,sp|P03474|NRAM_INBLE,681.4173450000001,0.71667,10.07
LGK,sp|P03474|NRAM_INBLE,316.21104499999996,-0.16667,10.07
IPTVENSIFHMAAWSGSACHDGR,sp|P03474|NRAM_INBLE,2485.1266650000007,-0.08696,6.01
EWTYIGVDGPDNDALVK,sp|P03474|NRAM_INBLE,1890.899915,-0.48235,3.33
IK,sp|P03474|NRAM_INBLE,259.18958499999997,0.3,10.07
YGEAYTDTYHSYAHNILR,sp|P03474|NRAM_INBLE,2172.986465,-0.96111,6.02
TQESACNCIGGDCYLMITDGSASGISK,sp|P03474|NRAM_INBLE,2723.1546749999998,0.05185,3.55
CR,sp|P03474|NRAM_INBLE,277.120865,-1.0,8.89
FLK,sp|P03474|NRAM_INBLE,406.257995,0.9,10.07
IR,sp|P03474|NRAM_INBLE,287.19573499999996,0.0,11.04
EGR,sp|P03474|NRAM_INBLE,360.175725,-2.8,6.93
IIK,sp|P03474|NRAM_INBLE,372.27364499999993,1.7,10.07
EILPTGR,sp|P03474|NRAM_INBLE,784.444285,-0.34286,6.93
VEHTEECTCGFASNK,sp|P03474|NRAM_INBLE,1653.6762950000002,-0.66,4.54
TIECACR,sp|P03474|NRAM_INBLE,794.3414949999999,0.37143,6.06
DNSYTAK,sp|P03474|NRAM_INBLE,797.355545,-1.7,6.55
RPFVK,sp|P03474|NRAM_INBLE,645.3962150000001,-0.6,11.54
LNVETDTAEIR,sp|P03474|NRAM_INBLE,1259.635725,-0.50909,3.75
LMCTK,sp|P03474|NRAM_INBLE,594.2869450000001,0.72,8.86
TYLDTPRPDDGSIAGPCESNGDK,sp|P03474|NRAM_INBLE,2407.059745,-1.17826,3.59
WLGGIK,sp|P03474|NRAM_INBLE,672.395875,0.45,10.07
GGFVHQR,sp|P03474|NRAM_INBLE,799.408905,-0.71429,11.04
MASK,sp|P03474|NRAM_INBLE,435.21515500000004,-0.25,10.07
IGR,sp|P03474|NRAM_INBLE,344.217195,-0.13333,11.04
WYSR,sp|P03474|NRAM_INBLE,610.2863450000001,-1.875,9.83
TMSK,sp|P03474|NRAM_INBLE,465.22572499999995,-0.875,10.07
TNR,sp|P03474|NRAM_INBLE,389.202285,-2.9,11.04
MGMELYVK,sp|P03474|NRAM_INBLE,969.466355,0.3375,6.85
YDGDPWTDSDALTLSGVMVSIEEPGWYSFGFEIK,sp|P03474|NRAM_INBLE,3810.728655,-0.23235,3.13
DK,sp|P03474|NRAM_INBLE,261.13246499999997,-3.7,6.61
K,sp|P03474|NRAM_INBLE,146.105525,-3.9,10.07
CDVPCIGIEMVHDGGK,sp|P03474|NRAM_INBLE,1671.741855,0.24375,4.17
DTWHSAATAIYCLMGSGQLLWDTVTGVDMAL,sp|P03474|NRAM_INBLE,3325.545715,0.50645,3.39
MADNMTTTQIEVGPGATNATINFEAGILECYER,sp|P03474|NRAM_INBLE,3559.6268850000006,-0.17576,3.52
FSWQR,sp|P03474|NRAM_INBLE,722.350005,-1.38,11.04
ALDYPGQDR,sp|P03474|NRAM_INBLE,1033.482855,-1.41111,3.68
LHR,sp|P03474|NRAM_INBLE,424.254645,-1.3,11.04
LK,sp|P03474|NRAM_INBLE,259.18958499999997,-0.05,10.07
R,sp|P03474|NRAM_INBLE,174.111675,-4.5,11.04
K,sp|P03474|NRAM_INBLE,146.105525,-3.9,10.07
LESR,sp|P03474|NRAM_INBLE,503.270355,-1.25,6.93
IK,sp|P03474|NRAM_INBLE,259.18958499999997,0.3,10.07
THNK,sp|P03474|NRAM_INBLE,498.25504499999994,-2.825,10.07
SEPENK,sp|P03474|NRAM_INBLE,702.318425,-2.8,4.26
R,sp|P03474|NRAM_INBLE,174.111675,-4.5,11.04
MSLEER,sp|P03474|NRAM_INBLE,763.353435,-1.1,4.26
K,sp|P03474|NRAM_INBLE,146.105525,-3.9,10.07
AIGVK,sp|P03474|NRAM_INBLE,486.316565,1.24,10.07
MMK,sp|P03474|NRAM_INBLE,408.18650499999995,-0.03333,10.07
VLLFMDPSAGIEGFEPYCVK,sp|P03474|NRAM_INBLE,2214.0740549999996,0.59,3.75
NPSTSK,sp|P03474|NRAM_INBLE,632.3129550000001,-1.88333,10.07
CPNYDWTDYPPTPGK,sp|P03474|NRAM_INBLE,1752.7453549999998,-1.57333,3.68
YLDDIEEEPENVDHPIEVVLR,sp|P03474|NRAM_INBLE,2522.2176050000003,-0.69048,3.52
DMNNK,sp|P03474|NRAM_INBLE,620.258815,-2.5,6.61
DAR,sp|P03474|NRAM_INBLE,360.175725,-2.06667,6.63
QK,sp|P03474|NRAM_INBLE,274.164105,-3.7,10.07
IK,sp|P03474|NRAM_INBLE,259.18958499999997,0.3,10.07
DEVNTQK,sp|P03474|NRAM_INBLE,832.392655,-2.05714,3.97
EGK,sp|P03474|NRAM_INBLE,332.16957499999995,-2.6,6.9
FR,sp|P03474|NRAM_INBLE,321.180085,-0.85,11.04
LTIK,sp|P03474|NRAM_INBLE,473.32132499999994,0.925,10.07
R,sp|P03474|NRAM_INBLE,174.111675,-4.5,11.04
DIR,sp|P03474|NRAM_INBLE,402.222675,-1.16667,6.63
NVLSLR,sp|P03474|NRAM_INBLE,700.4231649999999,0.5,11.04
VLVNGTFLK,sp|P03474|NRAM_INBLE,989.590945,1.14444,10.07
HPNGDK,sp|P03474|NRAM_INBLE,666.308525,-2.68333,7.78
SLSTLHR,sp|P03474|NRAM_INBLE,812.450445,-0.34286,11.04
LNAYDQNGGLVAK,sp|P03474|NRAM_INBLE,1361.693905,-0.35385,6.55
LVATDDR,sp|P03474|NRAM_INBLE,788.4028149999999,-0.34286,3.68
TVEDEK,sp|P03474|NRAM_INBLE,719.333735,-1.81667,3.75
DGHR,sp|P03474|NRAM_INBLE,483.218985,-2.9,7.8
ILNSLFER,sp|P03474|NRAM_INBLE,990.5498150000001,0.325,6.93
FDEGHSKPIR,sp|P03474|NRAM_INBLE,1184.593795,-1.41,7.78
AAETAVGVLSQFGQEHR,sp|P03474|NRAM_INBLE,1798.896175,-0.21176,5.29
LSPEEGDN,sp|P03474|NRAM_INBLE,859.3559250000001,-1.625,2.86
MK,sp|P03474|NRAM_INBLE,277.146015,-1.0,10.07
AIIVLLMVVTSNADR,sp|P03474|NRAM_INBLE,1613.917435,1.44667,6.63
ICTGITSSNSPHVVK,sp|P03474|NRAM_INBLE,1541.787165,0.23333,8.86
TATQGEVNVTGVIPLTTTPTK,sp|P03474|NRAM_INBLE,2127.1422849999994,-0.02857,6.9
SHFANLK,sp|P03474|NRAM_INBLE,815.428975,-0.42857,10.07
GTQTR,sp|P03474|NRAM_INBLE,561.2870750000001,-1.96,11.04
GK,sp|P03474|NRAM_INBLE,203.126985,-2.15,10.07
LCPNCFNCTDLDVALGRPK,sp|P03474|NRAM_INBLE,2077.974715,0.05263,5.83
CMGNTPSAK,sp|P03474|NRAM_INBLE,907.389175,-0.52222,8.86
VSILHEVKPATSGCFPIMHDR,sp|P03474|NRAM_INBLE,2336.1769050000003,0.11905,7.24
TK,sp|P03474|NRAM_INBLE,247.15320499999996,-2.3,10.07
IR,sp|P03474|NRAM_INBLE,287.19573499999996,0.0,11.04
QLPNLLR,sp|P03474|NRAM_INBLE,852.518125,-0.24286,11.04
GYENIR,sp|P03474|NRAM_INBLE,750.366045,-1.45,6.87
LSTSNVINTETAPGGPYK,sp|P03474|NRAM_INBLE,1847.9264849999997,-0.50556,6.85
VGTSGSCPNVANGNGFFNTMAWVIPK,sp|P03474|NRAM_INBLE,2667.257345,0.15769,8.86
DNNK,sp|P03474|NRAM_INBLE,489.218325,-3.6,6.61
TAINPVTVEVPYICSEGEDQITVWGFHSDDK,sp|P03474|NRAM_INBLE,3448.613245,-0.24516,3.63
TQMER,sp|P03474|NRAM_INBLE,663.301015,-2.06,6.93
LYGDSNPQK,sp|P03474|NRAM_INBLE,1020.487615,-1.63333,6.55
FTSSANGVTTHYVSQIGGFPNQTEDEGLK,sp|P03474|NRAM_INBLE,3083.4471850000004,-0.5931,4.38
QSGR,sp|P03474|NRAM_INBLE,446.223745,-2.3,11.04
IVVDYMVQKPGK,sp|P03474|NRAM_INBLE,1375.7533349999999,0.075,9.63
TGTIVYQR,sp|P03474|NRAM_INBLE,936.5028749999999,-0.3,9.83
GILLPQK,sp|P03474|NRAM_INBLE,767.4905050000001,0.38571,10.07
VWCASGR,sp|P03474|NRAM_INBLE,777.359185,0.27143,8.89
SK,sp|P03474|NRAM_INBLE,233.13755499999996,-2.35,10.07
VIK,sp|P03474|NRAM_INBLE,358.257995,1.6,10.07
GSLPLIGEADCLHEK,sp|P03474|NRAM_INBLE,1580.786805,-0.04,4.38
YGGLNK,sp|P03474|NRAM_INBLE,650.338765,-0.95,9.71
SKPYYTGEHAK,sp|P03474|NRAM_INBLE,1279.6196850000001,-1.70909,9.48
AIGNCPIWVK,sp|P03474|NRAM_INBLE,1099.584815,0.72,8.86
TPLK,sp|P03474|NRAM_INBLE,457.29002499999996,-0.6,10.07
LANGTK,sp|P03474|NRAM_INBLE,602.3387650000001,-0.48333,10.07
YRPPAK,sp|P03474|NRAM_INBLE,730.4125950000001,-1.85,10.41
LLK,sp|P03474|NRAM_INBLE,372.27364499999993,1.23333,10.07
ER,sp|P03474|NRAM_INBLE,303.15426499999995,-4.0,6.93
GFFGAIAGFLEGGWEGMIAGWHGYTSHGAHGVAVAADLK,sp|P03474|NRAM_INBLE,3943.889185000001,0.39231,5.75
STQEAINK,sp|P03474|NRAM_INBLE,889.450505,-1.2,6.9
ITK,sp|P03474|NRAM_INBLE,360.2372649999999,-0.03333,10.07
NLNYLSELEVK,sp|P03474|NRAM_INBLE,1320.692515,-0.4,4.26
NLQR,sp|P03474|NRAM_INBLE,529.297245,-1.925,11.04
LSGAMNELHDEILELDEK,sp|P03474|NRAM_INBLE,2054.9829949999994,-0.52222,3.74
VDDLR,sp|P03474|NRAM_INBLE,616.318025,-0.7,3.68
ADTISSQIELAVLLSNEGIINSEDEHLLALER,sp|P03474|NRAM_INBLE,3491.799455000001,0.10625,3.66
K,sp|P03474|NRAM_INBLE,146.105525,-3.9,10.07
LK,sp|P03474|NRAM_INBLE,259.18958499999997,-0.05,10.07
K,sp|P03474|NRAM_INBLE,146.105525,-3.9,10.07
MLGPSAVEIGNGCFETK,sp|P03474|NRAM_INBLE,1751.822215,0.16471,4.26
HK,sp|P03474|NRAM_INBLE,283.16443499999997,-3.55,10.07
CNQTCLDR,sp|P03474|NRAM_INBLE,951.390245,-0.8625,5.77
IAAGTFNAGDFSLPTFDSLNITAASLNDDGLDNHTILLYYSTAASSLAVTLMIAIFIVYMVSR,sp|P03474|NRAM_INBLE,6685.3651050000035,0.72222,3.5
DNVSCSICL,sp|P03474|NRAM_INBLE,952.3994050000001,0.98889,2.98
MLEPLQILSICSFILSALHFMAWTIGHLNQIK,sp|P03474|NRAM_INBLE,3666.9491950000006,0.95312,7.24
R,sp|P03474|NRAM_INBLE,174.111675,-4.5,11.04
GVNLK,sp|P03474|NRAM_INBLE,529.322385,0.04,10.07
IQIR,sp|P03474|NRAM_INBLE,528.338375,0.25,11.04
NPNK,sp|P03474|NRAM_INBLE,471.24414499999995,-3.125,10.07
EAINR,sp|P03474|NRAM_INBLE,601.3183650000001,-1.04,6.93
EVSILR,sp|P03474|NRAM_INBLE,715.4228250000001,0.61667,6.93
HNYQK,sp|P03474|NRAM_INBLE,688.329275,-3.08,9.71
EIQAK,sp|P03474|NRAM_INBLE,587.327865,-0.92,6.9
ETMK,sp|P03474|NRAM_INBLE,507.236285,-1.55,6.9
K,sp|P03474|NRAM_INBLE,146.105525,-3.9,10.07
ILSDNMEVLGDHIVVEGLSTDEIIK,sp|P03474|NRAM_INBLE,2738.4047550000005,0.368,3.63
MGETVLEVEELQ,sp|P03474|NRAM_INBLE,1375.654075,-0.05833,2.94
MSNMDIDSINTGTIDK,sp|P03474|NRAM_INBLE,1753.7862449999996,-0.46875,3.39
TPEELTPGTSGATRPIIKPATLAPPSNK,sp|P03474|NRAM_INBLE,2843.5392150000002,-0.58214,9.86
R,sp|P03474|NRAM_INBLE,174.111675,-4.5,11.04
TR,sp|P03474|NRAM_INBLE,275.159355,-2.6,11.04
NPSPER,sp|P03474|NRAM_INBLE,698.3347450000001,-2.58333,6.93
TTTSSETDIGR,sp|P03474|NRAM_INBLE,1166.5415050000001,-1.07273,3.97
K,sp|P03474|NRAM_INBLE,146.105525,-3.9,10.07
IQK,sp|P03474|NRAM_INBLE,387.248165,-0.96667,10.07
K,sp|P03474|NRAM_INBLE,146.105525,-3.9,10.07
QTPTEIK,sp|P03474|NRAM_INBLE,815.4388750000002,-1.34286,6.9
K,sp|P03474|NRAM_INBLE,146.105525,-3.9,10.07
SVYK,sp|P03474|NRAM_INBLE,495.269295,-0.45,9.71
MVVK,sp|P03474|NRAM_INBLE,475.28283500000003,1.6,10.07
LGEFYNQMMVK,sp|P03474|NRAM_INBLE,1358.6362749999998,-0.13636,6.85
AGLNDDMER,sp|P03474|NRAM_INBLE,1019.434195,-1.26667,3.55
NLIQNAQAVER,sp|P03474|NRAM_INBLE,1254.668035,-0.53636,6.93
ILLAATDDK,sp|P03474|NRAM_INBLE,958.5334849999999,0.45556,3.68
K,sp|P03474|NRAM_INBLE,146.105525,-3.9,10.07
TEYQK,sp|P03474|NRAM_INBLE,667.317705,-2.58,6.85
K,sp|P03474|NRAM_INBLE,146.105525,-3.9,10.07
R,sp|P03474|NRAM_INBLE,174.111675,-4.5,11.04
NAR,sp|P03474|NRAM_INBLE,359.191715,-2.06667,11.04
DVK,sp|P03474|NRAM_INBLE,360.20087499999994,-1.06667,6.61
EGK,sp|P03474|NRAM_INBLE,332.16957499999995,-2.6,6.9
EEIDHNK,sp|P03474|NRAM_INBLE,883.4035449999999,-2.37143,4.38
TGGTFYK,sp|P03474|NRAM_INBLE,772.375545,-0.65714,9.71
MVR,sp|P03474|NRAM_INBLE,404.220575,0.53333,11.04
DDK,sp|P03474|NRAM_INBLE,376.15940499999994,-3.63333,3.68
TIYFSPIK,sp|P03474|NRAM_INBLE,967.537855,0.4375,9.71
ITFLK,sp|P03474|NRAM_INBLE,620.3897350000001,1.3,10.07
EEVK,sp|P03474|NRAM_INBLE,503.259115,-1.675,4.26
TMYK,sp|P03474|NRAM_INBLE,541.257025,-1.0,9.71
TTMGSDGFSGLNHIMIGHSQMNDVCFQR,sp|P03474|NRAM_INBLE,3082.351755,-0.23214,6.0
SK,sp|P03474|NRAM_INBLE,233.13755499999996,-2.35,10.07
GLK,sp|P03474|NRAM_INBLE,316.21104499999996,-0.16667,10.07
R,sp|P03474|NRAM_INBLE,174.111675,-4.5,11.04
VGLDPSLISTFAGSTLPR,sp|P03474|NRAM_INBLE,1829.988675,0.49444,6.63
R,sp|P03474|NRAM_INBLE,174.111675,-4.5,11.04
SGTTGVAIK,sp|P03474|NRAM_INBLE,832.4654150000001,0.4,10.07
GGGTLVDEAIR,sp|P03474|NRAM_INBLE,1086.566905,0.08182,3.97
FIGR,sp|P03474|NRAM_INBLE,491.285605,0.6,11.04
AMADR,sp|P03474|NRAM_INBLE,562.2533250000001,-0.5,6.63
GLLR,sp|P03474|NRAM_INBLE,457.30125499999997,0.675,11.04
DIK,sp|P03474|NRAM_INBLE,374.216525,-0.96667,6.61
AK,sp|P03474|NRAM_INBLE,217.14263499999998,-1.05,10.07
TAYEK,sp|P03474|NRAM_INBLE,610.296235,-1.52,6.85
ILLNLK,sp|P03474|NRAM_INBLE,712.484695,1.41667,10.07
NK,sp|P03474|NRAM_INBLE,260.14845499999996,-3.7,10.07
CSAPQQK,sp|P03474|NRAM_INBLE,760.353775,-1.28571,8.86
ALVDQVIGSR,sp|P03474|NRAM_INBLE,1056.592735,0.58,6.63
NPGIADIEDLTLLAR,sp|P03474|NRAM_INBLE,1609.8674949999997,0.18667,3.55
SMVVVRPSVASK,sp|P03474|NRAM_INBLE,1258.706725,0.675,11.54
VVLPISIYAK,sp|P03474|NRAM_INBLE,1101.679755,1.54,9.71
IPQLGFNTEEYSMVGYEAMALYNMATPVSILR,sp|P03474|NRAM_INBLE,3607.740065000001,0.19687,3.96
MGDDAK,sp|P03474|NRAM_INBLE,635.258465,-1.26667,3.68
DK,sp|P03474|NRAM_INBLE,261.13246499999997,-3.7,6.61
SQLFFMSCFGAAYEDLR,sp|P03474|NRAM_INBLE,1983.8858849999997,0.33529,3.97
VLSALTGTEFKPR,sp|P03474|NRAM_INBLE,1417.792885,0.02308,10.06
SALK,sp|P03474|NRAM_INBLE,417.25872499999997,0.225,10.07
CK,sp|P03474|NRAM_INBLE,249.114715,-0.7,8.86
GFHVPAK,sp|P03474|NRAM_INBLE,754.412585,-0.04286,10.07
EQVEGMGAALMSIK,sp|P03474|NRAM_INBLE,1462.715965,0.27857,4.26
LQFWAPMTR,sp|P03474|NRAM_INBLE,1148.580075,-0.1,11.04
SGGNEVSGEGGSGQISCSPVFAVERPIALSK,sp|P03474|NRAM_INBLE,3018.4716050000006,-0.06452,4.56
QAVR,sp|P03474|NRAM_INBLE,472.27577499999995,-0.5,11.04
R,sp|P03474|NRAM_INBLE,174.111675,-4.5,11.04
MLSMNVEGR,sp|P03474|NRAM_INBLE,1035.4841350000002,-0.1,6.93
DADVK,sp|P03474|NRAM_INBLE,546.2649250000001,-0.98,3.68
GNLLK,sp|P03474|NRAM_INBLE,543.3380350000001,-0.04,10.07
MMNDSMAK,sp|P03474|NRAM_INBLE,926.366005,-0.525,6.61
K,sp|P03474|NRAM_INBLE,146.105525,-3.9,10.07
TSGNAFIGK,sp|P03474|NRAM_INBLE,893.4606650000001,-0.06667,10.07
K,sp|P03474|NRAM_INBLE,146.105525,-3.9,10.07
MFQISDK,sp|P03474|NRAM_INBLE,867.416035,-0.35714,6.61
NK,sp|P03474|NRAM_INBLE,260.14845499999996,-3.7,10.07
VNPIEIPIK,sp|P03474|NRAM_INBLE,1021.6171550000001,0.4,6.9
QTIPNFFFGR,sp|P03474|NRAM_INBLE,1225.624375,-0.13,11.04
DTAEDYDDLDY,sp|P03474|NRAM_INBLE,1333.4833649999998,-1.7,2.53
MNNATFNCTNINPITHIR,sp|P03474|NRAM_INBLE,2072.988415,-0.35556,8.89
GSIIITICVSLIVILIVFGCIAK,sp|P03474|NRAM_INBLE,2387.429915,2.55652,8.15
IFINK,sp|P03474|NRAM_INBLE,633.384985,0.88,10.07
NNCTNNVIR,sp|P03474|NRAM_INBLE,1046.492735,-0.88889,8.89
VHK,sp|P03474|NRAM_INBLE,382.23284499999994,-0.96667,10.07
R,sp|P03474|NRAM_INBLE,174.111675,-4.5,11.04
IK,sp|P03474|NRAM_INBLE,259.18958499999997,0.3,10.07
CPDCEPFCNK,sp|P03474|NRAM_INBLE,1154.419485,-0.73,3.97
R,sp|P03474|NRAM_INBLE,174.111675,-4.5,11.04
DDISTPR,sp|P03474|NRAM_INBLE,802.382085,-1.44286,3.68
AGVDIPSFILPGLNLSEGTPN,sp|P03474|NRAM_INBLE,2110.094585,0.32857,2.91
MDTFITK,sp|P03474|NRAM_INBLE,854.4207850000001,0.05714,6.61
NFQTTIIQK,sp|P03474|NRAM_INBLE,1091.597505,-0.44444,10.07
AK,sp|P03474|NRAM_INBLE,217.14263499999998,-1.05,10.07
NTMAEFSEDPELQPAVLFNICVHLEVCYVISDMNFLDEEGK,sp|P03474|NRAM_INBLE,4688.147025,0.04878,3.48
TYTALEGQGK,sp|P03474|NRAM_INBLE,1066.529475,-0.88,6.85
EQNLRPQYEVIEGMPR,sp|P03474|NRAM_INBLE,1957.9679750000003,-1.28125,4.56
NIAWMVQR,sp|P03474|NRAM_INBLE,1016.522565,0.0,11.04
SLAQEHGIETPR,sp|P03474|NRAM_INBLE,1336.6735050000002,-0.96667,5.29
YLADLFDYK,sp|P03474|NRAM_INBLE,1146.559705,-0.14444,3.68
TK,sp|P03474|NRAM_INBLE,247.15320499999996,-2.3,10.07
R,sp|P03474|NRAM_INBLE,174.111675,-4.5,11.04
FIEVGITK,sp|P03474|NRAM_INBLE,905.5221950000001,0.9375,6.9
GLADDYFWK,sp|P03474|NRAM_INBLE,1113.5130849999998,-0.56667,3.68
K,sp|P03474|NRAM_INBLE,146.105525,-3.9,10.07
K,sp|P03474|NRAM_INBLE,146.105525,-3.9,10.07
EK,sp|P03474|NRAM_INBLE,275.14811499999996,-3.7,6.9
LGNSMELMIFSYNQDYSLSDESSLDEEGK,sp|P03474|NRAM_INBLE,3300.432595,-0.71724,3.2
GR,sp|P03474|NRAM_INBLE,231.13313499999998,-2.45,11.04
VLSR,sp|P03474|NRAM_INBLE,473.296175,0.675,11.04
LTELQAELSLK,sp|P03474|NRAM_INBLE,1243.702345,0.1,4.26
NLWQVLIGEEEIEK,sp|P03474|NRAM_INBLE,1698.882815,-0.38571,3.79
GIDFK,sp|P03474|NRAM_INBLE,578.3063950000001,-0.1,6.61
LGQTISK,sp|P03474|NRAM_INBLE,745.433395,-0.14286,10.07
LR,sp|P03474|NRAM_INBLE,287.19573499999996,-0.35,11.04
NISVPAGFSNFEGMR,sp|P03474|NRAM_INBLE,1624.766755,-0.06667,6.93
SYIDNIDPK,sp|P03474|NRAM_INBLE,1063.518575,-1.01111,3.68
GAIER,sp|P03474|NRAM_INBLE,544.296895,-0.42,6.93
NLAR,sp|P03474|NRAM_INBLE,472.27577499999995,-0.6,11.04
MSPLVSVTPK,sp|P03474|NRAM_INBLE,1057.584155,0.47,10.07
K,sp|P03474|NRAM_INBLE,146.105525,-3.9,10.07
LK,sp|P03474|NRAM_INBLE,259.18958499999997,-0.05,10.07
WEDLRPIGPHIYNHELPEVPYNAFLLMSDELGLANMTEGK,sp|P03474|NRAM_INBLE,4608.245675,-0.405,4.21
SK,sp|P03474|NRAM_INBLE,233.13755499999996,-2.35,10.07
KPK,sp|P03474|NRAM_INBLE,371.25324499999994,-3.13333,10.61
TLAK,sp|P03474|NRAM_INBLE,431.2743749999999,0.25,10.07
ECLER,sp|P03474|NRAM_INBLE,648.290105,-1.04,4.26
YSTLR,sp|P03474|NRAM_INBLE,638.3387750000002,-0.7,9.83
DQTDPILIMK,sp|P03474|NRAM_INBLE,1172.611095,-0.2,3.68
SEK,sp|P03474|NRAM_INBLE,362.180145,-2.73333,6.9
ANENFLWR,sp|P03474|NRAM_INBLE,1048.509015,-0.9375,6.93
LWR,sp|P03474|NRAM_INBLE,473.275045,-0.53333,11.04
DCVNTISNEETGNELQK,sp|P03474|NRAM_INBLE,1892.8421749999998,-1.14706,3.61
TNYAK,sp|P03474|NRAM_INBLE,595.2965750000001,-1.52,9.71
WATGDGLTYQK,sp|P03474|NRAM_INBLE,1238.593135,-0.88182,6.55
IMK,sp|P03474|NRAM_INBLE,390.230075,0.83333,10.07
EVAIDDETMYQEEPK,sp|P03474|NRAM_INBLE,1795.782185,-1.30667,3.33
IPNK,sp|P03474|NRAM_INBLE,470.285275,-1.125,10.07
CR,sp|P03474|NRAM_INBLE,277.120865,-1.0,8.89
VAAWVQAEMNLLSTLTSK,sp|P03474|NRAM_INBLE,1961.0291749999997,0.48889,6.9
R,sp|P03474|NRAM_INBLE,174.111675,-4.5,11.04
ALDLPEIGPDVAPVEHVGSER,sp|P03474|NRAM_INBLE,2199.1170950000005,-0.15714,3.82
R,sp|P03474|NRAM_INBLE,174.111675,-4.5,11.04
K,sp|P03474|NRAM_INBLE,146.105525,-3.9,10.07
YFVNEINYCK,sp|P03474|NRAM_INBLE,1291.5907049999998,-0.3,6.2
ASTVMMK,sp|P03474|NRAM_INBLE,766.3717350000001,0.62857,10.07
YVLFHTSLLNESNASMGK,sp|P03474|NRAM_INBLE,2009.9880450000003,-0.01667,7.72
YK,sp|P03474|NRAM_INBLE,309.16885499999995,-2.6,9.71
VIPITNR,sp|P03474|NRAM_INBLE,811.491575,0.41429,11.04
VVNEK,sp|P03474|NRAM_INBLE,587.3278650000001,-0.5,6.9
GESFDMLYGLAVK,sp|P03474|NRAM_INBLE,1428.6958750000001,0.34615,3.97
GQSHLR,sp|P03474|NRAM_INBLE,696.3667150000001,-1.43333,11.04
GDTDVVTVVTFEFSSTDPR,sp|P03474|NRAM_INBLE,2070.974545,-0.13158,3.33
VDSGK,sp|P03474|NRAM_INBLE,504.25436499999995,-0.88,6.61
WPK,sp|P03474|NRAM_INBLE,429.237595,-2.13333,10.07
YTVFK,sp|P03474|NRAM_INBLE,656.3533550000001,0.22,9.71
IGSLFVSGR,sp|P03474|NRAM_INBLE,934.5235949999999,0.93333,11.04
EKPVYLYCR,sp|P03474|NRAM_INBLE,1169.5903050000002,-0.62222,8.73
VNGTNK,sp|P03474|NRAM_INBLE,631.328935,-1.3,10.07
IQMK,sp|P03474|NRAM_INBLE,518.2886550000001,-0.25,10.07
WGMEAR,sp|P03474|NRAM_INBLE,748.332635,-0.93333,6.93
R,sp|P03474|NRAM_INBLE,174.111675,-4.5,11.04
CLLQSMQQMEAIVDQESSIQGYDMTK,sp|P03474|NRAM_INBLE,2975.3384650000003,-0.36154,3.46
ACFK,sp|P03474|NRAM_INBLE,467.22023499999995,0.8,8.86
GDR,sp|P03474|NRAM_INBLE,346.16007499999995,-2.8,6.63
VNNPK,sp|P03474|NRAM_INBLE,570.3125550000001,-1.66,10.07
TFSIGTQEGK,sp|P03474|NRAM_INBLE,1066.529475,-0.66,6.9
LVK,sp|P03474|NRAM_INBLE,358.257995,1.36667,10.07
GSFGK,sp|P03474|NRAM_INBLE,494.2488849999999,-0.54,10.07
ALR,sp|P03474|NRAM_INBLE,358.232845,0.36667,11.04
VIFTK,sp|P03474|NRAM_INBLE,606.374085,1.38,10.07
CLMHYVFGNAQLEGFSAESR,sp|P03474|NRAM_INBLE,2258.0248349999997,-0.0,5.29
R,sp|P03474|NRAM_INBLE,174.111675,-4.5,11.04
LLLLIQALK,sp|P03474|NRAM_INBLE,1023.7055750000001,1.98889,10.07
DR,sp|P03474|NRAM_INBLE,289.138615,-4.0,6.63
K,sp|P03474|NRAM_INBLE,146.105525,-3.9,10.07
GPWVFDLEGMYFGVEECISNNPWVIQSAYWFNEWLGIEK,sp|P03474|NRAM_INBLE,4652.149655,-0.08205,3.45
EGSK,sp|P03474|NRAM_INBLE,419.2016049999999,-2.15,6.9
VLESIDEIMDE,sp|P03474|NRAM_INBLE,1291.585325,0.05455,2.7
MNINPYFLFIDVPIQAAISTTFPYTGVPPYSHGTGTGYTIDTVIR,sp|P03474|NRAM_INBLE,4947.483274999999,0.24,4.99
THEYSNK,sp|P03474|NRAM_INBLE,877.392995,-2.41429,7.72
GK,sp|P03474|NRAM_INBLE,203.126985,-2.15,10.07
QYISDVTGCVMVDPTNGPLPEDNEPSAYAQLDCVLEALDR,sp|P03474|NRAM_INBLE,4336.981345,-0.2625,3.04
MDEEHPGLFQAGSQNAMEALMVTTVDK,sp|P03474|NRAM_INBLE,2948.335395,-0.36296,3.82
LTQGR,sp|P03474|NRAM_INBLE,573.323455,-1.06,11.04
QTFDWTVCR,sp|P03474|NRAM_INBLE,1154.517875,-0.47778,5.92
NQPAATALNTTITSFR,sp|P03474|NRAM_INBLE,1704.879485,-0.23125,11.04
LNDLNGADK,sp|P03474|NRAM_INBLE,958.471955,-0.98889,3.68
GGLVPFCQDIIDSLDKPEMIFFTVK,sp|P03474|NRAM_INBLE,2811.4226549999994,0.46,3.8
NIK,sp|P03474|NRAM_INBLE,373.232515,-0.96667,10.07
K,sp|P03474|NRAM_INBLE,146.105525,-3.9,10.07
K,sp|P03474|NRAM_INBLE,146.105525,-3.9,10.07
LPAK,sp|P03474|NRAM_INBLE,427.2794549999999,0.025,10.07
NR,sp|P03474|NRAM_INBLE,288.154605,-4.0,11.04
K,sp|P03474|NRAM_INBLE,146.105525,-3.9,10.07
GFLIK,sp|P03474|NRAM_INBLE,576.363515,1.36,10.07
R,sp|P03474|NRAM_INBLE,174.111675,-4.5,11.04
IPMK,sp|P03474|NRAM_INBLE,487.28283500000003,0.225,10.07
VK,sp|P03474|NRAM_INBLE,245.17393499999997,0.15,10.07
DR,sp|P03474|NRAM_INBLE,289.138615,-4.0,6.63
ITR,sp|P03474|NRAM_INBLE,388.24341499999997,-0.23333,11.04
VEYIK,sp|P03474|NRAM_INBLE,650.363915,0.0,6.85
R,sp|P03474|NRAM_INBLE,174.111675,-4.5,11.04
ALSLNTMTK,sp|P03474|NRAM_INBLE,977.521565,0.18889,10.07
DAER,sp|P03474|NRAM_INBLE,489.21831499999996,-2.425,3.97
GK,sp|P03474|NRAM_INBLE,203.126985,-2.15,10.07
LK,sp|P03474|NRAM_INBLE,259.18958499999997,-0.05,10.07
R,sp|P03474|NRAM_INBLE,174.111675,-4.5,11.04
R,sp|P03474|NRAM_INBLE,174.111675,-4.5,11.04
AIATAGIQIR,sp|P03474|NRAM_INBLE,1012.602905,0.98,11.04
GFVLVVENLAK,sp|P03474|NRAM_INBLE,1187.6913749999999,1.22727,6.9
NICENLEQSGLPVGGNEK,sp|P03474|NRAM_INBLE,1899.8996149999998,-0.73333,3.96
K,sp|P03474|NRAM_INBLE,146.105525,-3.9,10.07
AK,sp|P03474|NRAM_INBLE,217.14263499999998,-1.05,10.07
LSNAVAK,sp|P03474|NRAM_INBLE,701.407175,0.48571,10.07
MLSNCPPGGISMTVTGDNTK,sp|P03474|NRAM_INBLE,2021.922025,-0.185,5.92
WNECLNPR,sp|P03474|NRAM_INBLE,1030.465445,-1.4,6.21
IFLAMTER,sp|P03474|NRAM_INBLE,979.516075,0.7625,6.93
ITR,sp|P03474|NRAM_INBLE,388.24341499999997,-0.23333,11.04
DSPIWFR,sp|P03474|NRAM_INBLE,919.455185,-0.57143,6.63
DFCSIAPVLFSNK,sp|P03474|NRAM_INBLE,1439.7118650000002,0.63846,5.92
IAR,sp|P03474|NRAM_INBLE,358.232845,0.6,11.04
LGK,sp|P03474|NRAM_INBLE,316.21104499999996,-0.16667,10.07
GFMITSK,sp|P03474|NRAM_INBLE,782.399655,0.48571,10.07
TK,sp|P03474|NRAM_INBLE,247.15320499999996,-2.3,10.07
R,sp|P03474|NRAM_INBLE,174.111675,-4.5,11.04
LK,sp|P03474|NRAM_INBLE,259.18958499999997,-0.05,10.07
AQIPCPDLFNIPLER,sp|P03474|NRAM_INBLE,1724.891945,0.02667,3.97
YNEETR,sp|P03474|NRAM_INBLE,810.3507950000001,-2.83333,4.26
AK,sp|P03474|NRAM_INBLE,217.14263499999998,-1.05,10.07
LK,sp|P03474|NRAM_INBLE,259.18958499999997,-0.05,10.07
K,sp|P03474|NRAM_INBLE,146.105525,-3.9,10.07
LKPFFNEEGTASLSPGMMMGMFNMLSTVLGVAALGIK,sp|P03474|NRAM_INBLE,3888.935985,0.65946,7.03
NIGNK,sp|P03474|NRAM_INBLE,544.296905,-1.36,10.07
EYLWDGLQSSDDFALFVNAK,sp|P03474|NRAM_INBLE,2317.090235,-0.215,3.33
DEETCMEGINDFYR,sp|P03474|NRAM_INBLE,1720.6708750000003,-1.15714,3.39
TCK,sp|P03474|NRAM_INBLE,350.162395,-0.7,8.86
LLGINMSK,sp|P03474|NRAM_INBLE,874.4946150000001,0.675,10.07
K,sp|P03474|NRAM_INBLE,146.105525,-3.9,10.07
K,sp|P03474|NRAM_INBLE,146.105525,-3.9,10.07
SYCNETGMFEFTSMFYR,sp|P03474|NRAM_INBLE,2111.8427250000004,-0.37059,4.26
DGFVSNFAMELPSFGVAGVNESADMAIGMTIIK,sp|P03474|NRAM_INBLE,3417.6294250000005,0.60606,3.46
NNMINNGMGPATAQTAIQLFIADYR,sp|P03474|NRAM_INBLE,2723.3159350000005,-0.12,6.57
YTYK,sp|P03474|NRAM_INBLE,573.2798650000001,-1.8,9.53
CHR,sp|P03474|NRAM_INBLE,414.179775,-1.73333,8.89
GDSK,sp|P03474|NRAM_INBLE,405.185955,-2.15,6.61
VEGK,sp|P03474|NRAM_INBLE,431.2379849999999,-0.9,6.9
R,sp|P03474|NRAM_INBLE,174.111675,-4.5,11.04
MK,sp|P03474|NRAM_INBLE,277.146015,-1.0,10.07
IIK,sp|P03474|NRAM_INBLE,372.27364499999993,1.7,10.07
ELWENTK,sp|P03474|NRAM_INBLE,918.444685,-1.74286,4.26
GR,sp|P03474|NRAM_INBLE,231.13313499999998,-2.45,11.04
DGLLVADGGPNLYNLR,sp|P03474|NRAM_INBLE,1685.873645,-0.0875,3.68
NLHIPEIILK,sp|P03474|NRAM_INBLE,1188.723015,0.54,7.78
YNIMDPEYK,sp|P03474|NRAM_INBLE,1171.521955,-1.35556,3.97
GR,sp|P03474|NRAM_INBLE,231.13313499999998,-2.45,11.04
LLHPQNPFVGHLSIEGIK,sp|P03474|NRAM_INBLE,1998.1050349999996,0.1,7.93
EADITPAHGPIK,sp|P03474|NRAM_INBLE,1247.650965,-0.48333,5.19
K,sp|P03474|NRAM_INBLE,146.105525,-3.9,10.07
MDYDAVSGTHSWR,sp|P03474|NRAM_INBLE,1523.6463150000002,-0.9,4.99
TK,sp|P03474|NRAM_INBLE,247.15320499999996,-2.3,10.07
R,sp|P03474|NRAM_INBLE,174.111675,-4.5,11.04
NR,sp|P03474|NRAM_INBLE,288.154605,-4.0,11.04
SILNTDQR,sp|P03474|NRAM_INBLE,945.487955,-1.025,6.63
NMILEEQCYAK,sp|P03474|NRAM_INBLE,1340.610455,-0.42727,4.26
CCNLFEACFNSASYR,sp|P03474|NRAM_INBLE,1726.6901850000002,0.17333,5.97
KPVGQHSMLEAMAHR,sp|P03474|NRAM_INBLE,1690.839545,-0.61333,10.06
LR,sp|P03474|NRAM_INBLE,287.19573499999996,-0.35,11.04
MDAR,sp|P03474|NRAM_INBLE,491.216215,-1.075,6.63
LDYESGR,sp|P03474|NRAM_INBLE,838.382085,-1.45714,3.97
MSK,sp|P03474|NRAM_INBLE,364.17804499999994,-0.93333,10.07
EDFEK,sp|P03474|NRAM_INBLE,666.286055,-2.32,3.75
AMAHLGEIGYM,sp|P03474|NRAM_INBLE,1191.5416350000003,0.62727,5.13
MTLAK,sp|P03474|NRAM_INBLE,562.314865,0.58,10.07
IELLK,sp|P03474|NRAM_INBLE,614.400295,0.94,6.9
QLLR,sp|P03474|NRAM_INBLE,528.338375,-0.1,11.04
DNEAK,sp|P03474|NRAM_INBLE,575.255095,-2.52,3.97
TVLR,sp|P03474|NRAM_INBLE,487.311825,0.7,11.04
QTTVDQYNIIR,sp|P03474|NRAM_INBLE,1349.693925,-0.72727,6.57
K,sp|P03474|NRAM_INBLE,146.105525,-3.9,10.07
FNTSR,sp|P03474|NRAM_INBLE,623.302725,-1.34,11.04
IEK,sp|P03474|NRAM_INBLE,388.2321749999999,-0.96667,6.9
NPSLR,sp|P03474|NRAM_INBLE,585.323455,-1.32,11.04
MK,sp|P03474|NRAM_INBLE,277.146015,-1.0,10.07
WAMCSNFPLALTK,sp|P03474|NRAM_INBLE,1480.7206649999996,0.53846,8.86
GDMANR,sp|P03474|NRAM_INBLE,662.280605,-1.36667,6.63
IPLEYK,sp|P03474|NRAM_INBLE,761.4323250000001,-0.33333,6.85
GIQLK,sp|P03474|NRAM_INBLE,557.353685,0.1,10.07
TNAEDIGTK,sp|P03474|NRAM_INBLE,947.4559750000001,-1.1,3.97
GQMCSIAAVTWWNTYGPIGDTEGFEK,sp|P03474|NRAM_INBLE,2860.283615,-0.25385,3.75
VYESFFLR,sp|P03474|NRAM_INBLE,1059.538915,0.4375,6.87
K,sp|P03474|NRAM_INBLE,146.105525,-3.9,10.07
MR,sp|P03474|NRAM_INBLE,305.152165,-1.3,11.04
LDNATWGR,sp|P03474|NRAM_INBLE,931.451165,-0.9875,6.63
ITFGPVER,sp|P03474|NRAM_INBLE,917.4970450000001,0.1,6.93
VR,sp|P03474|NRAM_INBLE,273.180085,-0.15,11.04
K,sp|P03474|NRAM_INBLE,146.105525,-3.9,10.07
R,sp|P03474|NRAM_INBLE,174.111675,-4.5,11.04
VLLNPLTK,sp|P03474|NRAM_INBLE,896.5694850000001,0.7375,10.07
EMPPDEASNVIMEILFPK,sp|P03474|NRAM_INBLE,2059.000565,-0.08889,3.61
EAGIPR,sp|P03474|NRAM_INBLE,641.349655,-0.61667,6.93
ESTWIHR,sp|P03474|NRAM_INBLE,927.456255,-1.3,7.8
ELIK,sp|P03474|NRAM_INBLE,501.31623499999995,0.225,6.9
EK,sp|P03474|NRAM_INBLE,275.14811499999996,-3.7,6.9
R,sp|P03474|NRAM_INBLE,174.111675,-4.5,11.04
EK,sp|P03474|NRAM_INBLE,275.14811499999996,-3.7,6.9
LK,sp|P03474|NRAM_INBLE,259.18958499999997,-0.05,10.07
GTMITPIVLAYMLER,sp|P03474|NRAM_INBLE,1706.9099150000002,0.91333,6.87
ELVAR,sp|P03474|NRAM_INBLE,586.3438450000001,0.36,6.93
R,sp|P03474|NRAM_INBLE,174.111675,-4.5,11.04
R,sp|P03474|NRAM_INBLE,174.111675,-4.5,11.04
FLPVAGATSAEFIEMLHCLQGENWR,sp|P03474|NRAM_INBLE,2818.357045,0.22,4.54
QIYHPGGNK,sp|P03474|NRAM_INBLE,1012.5090150000001,-1.47778,9.71
LTESR,sp|P03474|NRAM_INBLE,604.318035,-1.14,6.93
SQSMIVACR,sp|P03474|NRAM_INBLE,993.473575,0.58889,8.89
K,sp|P03474|NRAM_INBLE,146.105525,-3.9,10.07
IIR,sp|P03474|NRAM_INBLE,400.279795,1.5,11.04
R,sp|P03474|NRAM_INBLE,174.111675,-4.5,11.04
SIVASNPLELAVEIANK,sp|P03474|NRAM_INBLE,1766.977775,0.54706,4.26
TVIDTEPLK,sp|P03474|NRAM_INBLE,1014.5597050000001,-0.15556,3.97
SCLAALDGGDVACDIIR,sp|P03474|NRAM_INBLE,1690.8018049999998,0.85882,3.39
AALGLK,sp|P03474|NRAM_INBLE,571.369325,1.15,10.07
IR,sp|P03474|NRAM_INBLE,287.19573499999996,0.0,11.04
QR,sp|P03474|NRAM_INBLE,302.170255,-4.0,11.04
QR,sp|P03474|NRAM_INBLE,302.170255,-4.0,11.04
FGR,sp|P03474|NRAM_INBLE,378.20154499999995,-0.7,11.04
LELK,sp|P03474|NRAM_INBLE,501.31623499999995,0.05,6.9
R,sp|P03474|NRAM_INBLE,174.111675,-4.5,11.04
ISGR,sp|P03474|NRAM_INBLE,431.24922499999997,-0.3,11.04
GFK,sp|P03474|NRAM_INBLE,350.19539499999996,-0.5,10.07
NDEEILIGNGTIQK,sp|P03474|NRAM_INBLE,1542.7889249999998,-0.65,3.75
IGIWDGEEEFHVR,sp|P03474|NRAM_INBLE,1585.7524650000003,-0.56923,4.11
CGECR,sp|P03474|NRAM_INBLE,566.194105,-0.68,6.06
GILK,sp|P03474|NRAM_INBLE,429.295105,1.0,10.07
K,sp|P03474|NRAM_INBLE,146.105525,-3.9,10.07
SQMR,sp|P03474|NRAM_INBLE,520.242775,-1.725,11.04
MEK,sp|P03474|NRAM_INBLE,406.188605,-1.83333,6.9
LLINSAK,sp|P03474|NRAM_INBLE,757.469775,0.81429,10.07
K,sp|P03474|NRAM_INBLE,146.105525,-3.9,10.07
EDMK,sp|P03474|NRAM_INBLE,521.215545,-2.25,3.97
DLIILCMVFSQDTR,sp|P03474|NRAM_INBLE,1652.8265850000003,0.82143,3.68
MFQGVR,sp|P03474|NRAM_INBLE,736.369025,0.08333,11.04
GEINFLNR,sp|P03474|NRAM_INBLE,961.4981150000001,-0.5375,6.93
AGQLLSPMYQLQR,sp|P03474|NRAM_INBLE,1503.786775,-0.30769,9.83
YFLNR,sp|P03474|NRAM_INBLE,711.3704050000001,-0.54,9.83
SNDLFDQWGYEESPK,sp|P03474|NRAM_INBLE,1813.779485,-1.60667,3.46
ASELHGINELMNASDYTLK,sp|P03474|NRAM_INBLE,2105.009895,-0.37895,4.38
GVVVTK,sp|P03474|NRAM_INBLE,601.379895,1.26667,10.07
NVIDDFSSTETEK,sp|P03474|NRAM_INBLE,1483.6678149999996,-0.99231,3.46
VSITK,sp|P03474|NRAM_INBLE,546.337705,0.66,10.07
NLSLIK,sp|P03474|NRAM_INBLE,686.432665,0.65,10.07
R,sp|P03474|NRAM_INBLE,174.111675,-4.5,11.04
TGEVIMGANDVSELESQAQLMITYDTPK,sp|P03474|NRAM_INBLE,3039.4416350000006,-0.24643,3.39
MWEMGTTK,sp|P03474|NRAM_INBLE,982.4252250000001,-0.7875,6.9
ELVQNTYQWVLK,sp|P03474|NRAM_INBLE,1519.803465,-0.4,6.85
NLVTLK,sp|P03474|NRAM_INBLE,686.432665,0.61667,10.07
AQFLLGK,sp|P03474|NRAM_INBLE,775.4592050000001,0.62857,10.07
EDMFQWDAFEAFESIIPQK,sp|P03474|NRAM_INBLE,2330.056495,-0.46316,3.39
MAGQYSGFAR,sp|P03474|NRAM_INBLE,1086.491655,-0.26,9.83
AVLK,sp|P03474|NRAM_INBLE,429.295105,1.475,10.07
QMR,sp|P03474|NRAM_INBLE,433.210745,-2.03333,11.04
DQEVMK,sp|P03474|NRAM_INBLE,748.342535,-1.38333,3.97
TDQFIK,sp|P03474|NRAM_INBLE,750.391195,-0.71667,6.61
LLPFCFSPPK,sp|P03474|NRAM_INBLE,1147.6099649999999,0.62,8.86
LR,sp|P03474|NRAM_INBLE,287.19573499999996,-0.35,11.04
SNGEPYQFLR,sp|P03474|NRAM_INBLE,1209.577825,-1.25,6.87
LMLK,sp|P03474|NRAM_INBLE,503.314135,1.4,10.07
GGGENFIEVR,sp|P03474|NRAM_INBLE,1076.525045,-0.47,4.26
K,sp|P03474|NRAM_INBLE,146.105525,-3.9,10.07
GSPLFSYNPQTEILTICGR,sp|P03474|NRAM_INBLE,2095.0408049999996,-0.07368,6.2
MMSLK,sp|P03474|NRAM_INBLE,608.3025950000001,0.58,10.07
GK,sp|P03474|NRAM_INBLE,203.126985,-2.15,10.07
IEDEER,sp|P03474|NRAM_INBLE,789.350445,-2.33333,3.61
NR,sp|P03474|NRAM_INBLE,288.154605,-4.0,11.04
SMGNAVLAGFLVSGK,sp|P03474|NRAM_INBLE,1449.764955,0.94,10.07
YDPDLGDFK,sp|P03474|NRAM_INBLE,1068.476365,-1.23333,3.39
TIEELER,sp|P03474|NRAM_INBLE,888.4552450000001,-1.05714,3.96
LKPGEK,sp|P03474|NRAM_INBLE,670.401355,-1.58333,9.86
ANILLYQGKPVK,sp|P03474|NRAM_INBLE,1342.797245,-0.0,10.2
VVK,sp|P03474|NRAM_INBLE,344.24234499999994,1.5,10.07
R,sp|P03474|NRAM_INBLE,174.111675,-4.5,11.04
K,sp|P03474|NRAM_INBLE,146.105525,-3.9,10.07
R,sp|P03474|NRAM_INBLE,174.111675,-4.5,11.04
YSALSNDISQGIK,sp|P03474|NRAM_INBLE,1394.7041449999997,-0.3,6.55
R,sp|P03474|NRAM_INBLE,174.111675,-4.5,11.04
QR,sp|P03474|NRAM_INBLE,302.170255,-4.0,11.04
MTVESMGWALS,sp|P03474|NRAM_INBLE,1210.536225,0.59091,3.28
MSLFGDTIAYLLSLIEDGEGK,sp|P03474|NRAM_INBLE,2271.1344049999993,0.38095,3.46
AELAEK,sp|P03474|NRAM_INBLE,659.3489850000001,-0.58333,4.26
LHCWFGGK,sp|P03474|NRAM_INBLE,946.4483250000001,0.0375,8.86
EFDLDSALEWIK,sp|P03474|NRAM_INBLE,1464.7136249999999,-0.24167,3.46
NK,sp|P03474|NRAM_INBLE,260.14845499999996,-3.7,10.07
R,sp|P03474|NRAM_INBLE,174.111675,-4.5,11.04
CLTDIQK,sp|P03474|NRAM_INBLE,819.4160350000001,-0.11429,5.92
ALIGASICFLKPK,sp|P03474|NRAM_INBLE,1359.794795,1.14615,9.88
DQER,sp|P03474|NRAM_INBLE,546.239785,-3.75,3.97
K,sp|P03474|NRAM_INBLE,146.105525,-3.9,10.07
R,sp|P03474|NRAM_INBLE,174.111675,-4.5,11.04
R,sp|P03474|NRAM_INBLE,174.111675,-4.5,11.04
FITEPLSGMGTTATK,sp|P03474|NRAM_INBLE,1552.7806749999997,0.09333,6.9
K,sp|P03474|NRAM_INBLE,146.105525,-3.9,10.07
K,sp|P03474|NRAM_INBLE,146.105525,-3.9,10.07
GLILAER,sp|P03474|NRAM_INBLE,770.465015,0.78571,6.93
K,sp|P03474|NRAM_INBLE,146.105525,-3.9,10.07
MR,sp|P03474|NRAM_INBLE,305.152165,-1.3,11.04
R,sp|P03474|NRAM_INBLE,174.111675,-4.5,11.04
CVSFHEAFEIAEGHESSALLYCLMVMYLNPENYSMQVK,sp|P03474|NRAM_INBLE,4381.986594999999,0.17368,4.41
LGTLCALCEK,sp|P03474|NRAM_INBLE,1049.524925,0.97,6.06
QASHSHR,sp|P03474|NRAM_INBLE,821.3892450000001,-2.02857,11.04
AHSR,sp|P03474|NRAM_INBLE,469.239725,-1.675,11.04
AAR,sp|P03474|NRAM_INBLE,316.185895,-0.3,11.04
SSVPGVR,sp|P03474|NRAM_INBLE,700.3867750000002,0.04286,11.04
R,sp|P03474|NRAM_INBLE,174.111675,-4.5,11.04
EMQMVSAMNTAK,sp|P03474|NRAM_INBLE,1339.5934349999998,-0.2,6.9
TMNGMGK,sp|P03474|NRAM_INBLE,737.3200350000001,-0.72857,10.07
GEDVQK,sp|P03474|NRAM_INBLE,674.3235050000001,-1.76667,3.97
LAEELQNNIGVLR,sp|P03474|NRAM_INBLE,1467.804515,-0.03846,4.26
SLGASQK,sp|P03474|NRAM_INBLE,689.370795,-0.54286,10.07
NGEGIAK,sp|P03474|NRAM_INBLE,687.355135,-0.77143,6.9
DVMEVLK,sp|P03474|NRAM_INBLE,832.4364250000001,0.45714,3.97
QSSMGNSALVR,sp|P03474|NRAM_INBLE,1148.560805,-0.23636,11.04
K,sp|P03474|NRAM_INBLE,146.105525,-3.9,10.07
YL,sp|P03474|NRAM_INBLE,294.15795499999996,1.25,5.89
MADNMTTTQIEWR,sp|P03474|NRAM_INBLE,1595.7072150000004,-0.87692,3.97
MK,sp|P03474|NRAM_INBLE,277.146015,-1.0,10.07
K,sp|P03474|NRAM_INBLE,146.105525,-3.9,10.07
MAIGSSTHSSSVLMK,sp|P03474|NRAM_INBLE,1534.748345,0.39333,10.07
DIQSQFEQLK,sp|P03474|NRAM_INBLE,1234.6193549999998,-1.11,3.97
LR,sp|P03474|NRAM_INBLE,287.19573499999996,-0.35,11.04
WESYPNLVK,sp|P03474|NRAM_INBLE,1134.570945,-0.83333,6.85
STDYHQK,sp|P03474|NRAM_INBLE,877.392995,-2.41429,7.71
R,sp|P03474|NRAM_INBLE,174.111675,-4.5,11.04
ETIR,sp|P03474|NRAM_INBLE,517.2860049999999,-1.05,6.93
LATEELYLLSK,sp|P03474|NRAM_INBLE,1278.7070950000002,0.3,4.26
R,sp|P03474|NRAM_INBLE,174.111675,-4.5,11.04
IDDSILFHK,sp|P03474|NRAM_INBLE,1086.570935,0.07778,4.99
TVIANSSIIADMIVSLSLLETLYEMK,sp|P03474|NRAM_INBLE,2853.511885,0.96923,3.75
DVVEVYSR,sp|P03474|NRAM_INBLE,965.4817949999999,-0.125,3.97
QCL,sp|P03474|NRAM_INBLE,362.162395,0.93333,5.23
